L0  Nsteps           time(ps)         Etot             EKinetic        
L1  Temp             T_solute         T_solv           Pres_scal_solu  
L2  Pres_scal_solv   BoxX             BoxY             BoxZ            
L3  volume           pres_X           pres_Y           pres_Z          
L4  Pressure         EKCoM_x          EKCoM_y          EKCoM_z         
L5  EKComTot         VIRIAL_x         VIRIAL_y         VIRIAL_z        
L6  VIRIAL_tot       E_pot            E_vdw            E_el            
L7  E_hbon           E_bon            E_angle          E_dih           
L8  E_14vdw          E_14el           E_const          E_pol           
L9  AV_permMoment    AV_indMoment     AV_totMoment     Density          dV/dlambda      
L0    10000  0.1600000000E+03  -.1159773883E+05  0.2766952637E+04
L1 0.3148074671E+03  0.3148074671E+03  -.1162898443E+11  0.1000000000E+01
L2 0.1000000000E+01  0.3534063956E+02  0.3671595992E+02  0.3481070780E+02
L3 0.4516917367E+05  0.0000000000E+00  0.0000000000E+00  0.0000000000E+00
L4 0.0000000000E+00  0.0000000000E+00  0.0000000000E+00  0.0000000000E+00
L5 0.0000000000E+00  0.0000000000E+00  0.0000000000E+00  0.0000000000E+00
L6 0.0000000000E+00  -.1436469146E+05  0.2037681027E+04  -.1612095224E+05
L7 0.0000000000E+00  0.8586262011E+01  0.3388290383E+02  0.4142586390E+02
L8 0.1398703189E+02  -.3864667097E+03  0.7164397519E+01  0.0000000000E+00
L9 0.0000000000E+00  0.0000000000E+00  0.0000000000E+00  0.9963652494E+00  -.1620488641E+03
L0    20000  0.1800000000E+03  -.1160998037E+05  0.2730247559E+04
L1 0.3106313809E+03  0.3106313809E+03  -.1163974868E+11  0.1000000000E+01
L2 0.1000000000E+01  0.3539245637E+02  0.3676979324E+02  0.3486174762E+02
L3 0.4536814764E+05  0.0000000000E+00  0.0000000000E+00  0.0000000000E+00
L4 0.0000000000E+00  0.0000000000E+00  0.0000000000E+00  0.0000000000E+00
L5 0.0000000000E+00  0.0000000000E+00  0.0000000000E+00  0.0000000000E+00
L6 0.0000000000E+00  -.1434022793E+05  0.2076258917E+04  -.1613260597E+05
L7 0.0000000000E+00  0.7795298644E+01  0.3045336554E+02  0.3867121372E+02
L8 0.1557176489E+02  -.3825301613E+03  0.6157638187E+01  0.0000000000E+00
L9 0.0000000000E+00  0.0000000000E+00  0.0000000000E+00  0.9919954270E+00  -.1444260520E+03
L0    30000  0.2000000000E+03  -.1158453166E+05  0.2704237061E+04
L1 0.3076720606E+03  0.3076720606E+03  -.1161484171E+11  0.1000000000E+01
L2 0.1000000000E+01  0.3541013483E+02  0.3678815968E+02  0.3487916099E+02
L3 0.4543616550E+05  0.0000000000E+00  0.0000000000E+00  0.0000000000E+00
L4 0.0000000000E+00  0.0000000000E+00  0.0000000000E+00  0.0000000000E+00
L5 0.0000000000E+00  0.0000000000E+00  0.0000000000E+00  0.0000000000E+00
L6 0.0000000000E+00  -.1428876872E+05  0.1979541347E+04  -.1598472277E+05
L7 0.0000000000E+00  0.1032922830E+02  0.2737640350E+02  0.4352938398E+02
L8 0.1656419246E+02  -.3891717487E+03  0.7785246543E+01  0.0000000000E+00
L9 0.0000000000E+00  0.0000000000E+00  0.0000000000E+00  0.9927451943E+00  -.1487818951E+03
L0    40000  0.2200000000E+03  -.1164527070E+05  0.2720254395E+04
L1 0.3094944179E+03  0.3094944179E+03  -.1167571870E+11  0.1000000000E+01
L2 0.1000000000E+01  0.3552646660E+02  0.3690901863E+02  0.3499374837E+02
L3 0.4588544819E+05  0.0000000000E+00  0.0000000000E+00  0.0000000000E+00
L4 0.0000000000E+00  0.0000000000E+00  0.0000000000E+00  0.0000000000E+00
L5 0.0000000000E+00  0.0000000000E+00  0.0000000000E+00  0.0000000000E+00
L6 0.0000000000E+00  -.1436552510E+05  0.2096043706E+04  -.1618552675E+05
L7 0.0000000000E+00  0.7673801871E+01  0.2851530903E+02  0.4053000774E+02
L8 0.1765056899E+02  -.3825861768E+03  0.1217443325E+02  0.0000000000E+00
L9 0.0000000000E+00  0.0000000000E+00  0.0000000000E+00  0.9808119296E+00  -.1458079493E+03
L0    50000  0.2400000000E+03  -.1159229274E+05  0.2745043457E+04
L1 0.3123147705E+03  0.3123147705E+03  -.1162355617E+11  0.1000000000E+01
L2 0.1000000000E+01  0.3547478096E+02  0.3685532159E+02  0.3494283776E+02
L3 0.4568547023E+05  0.0000000000E+00  0.0000000000E+00  0.0000000000E+00
L4 0.0000000000E+00  0.0000000000E+00  0.0000000000E+00  0.0000000000E+00
L5 0.0000000000E+00  0.0000000000E+00  0.0000000000E+00  0.0000000000E+00
L6 0.0000000000E+00  -.1433733620E+05  0.2150617215E+04  -.1620919595E+05
L7 0.0000000000E+00  0.1604487272E+02  0.2983109856E+02  0.3887974386E+02
L8 0.1693917616E+02  -.3900648455E+03  0.9612494549E+01  0.0000000000E+00
L9 0.0000000000E+00  0.0000000000E+00  0.0000000000E+00  0.9851052152E+00  -.1493701867E+03
L0    60000  0.2600000000E+03  -.1167176327E+05  0.2730817383E+04
L1 0.3106962121E+03  0.3106962121E+03  -.1170214827E+11  0.1000000000E+01
L2 0.1000000000E+01  0.3543966039E+02  0.3681883426E+02  0.3490824382E+02
L3 0.4554991659E+05  0.0000000000E+00  0.0000000000E+00  0.0000000000E+00
L4 0.0000000000E+00  0.0000000000E+00  0.0000000000E+00  0.0000000000E+00
L5 0.0000000000E+00  0.0000000000E+00  0.0000000000E+00  0.0000000000E+00
L6 0.0000000000E+00  -.1440258065E+05  0.2109974678E+04  -.1622593307E+05
L7 0.0000000000E+00  0.1412037873E+02  0.2765431846E+02  0.3828338406E+02
L8 0.1673868112E+02  -.3881145538E+03  0.4695536152E+01  0.0000000000E+00
L9 0.0000000000E+00  0.0000000000E+00  0.0000000000E+00  0.9880368255E+00  -.1598086223E+03
L0    70000  0.2800000000E+03  -.1155348523E+05  0.2747821045E+04
L1 0.3126307880E+03  0.3126307880E+03  -.1158418225E+11  0.1000000000E+01
L2 0.1000000000E+01  0.3536520420E+02  0.3674148052E+02  0.3483490409E+02
L3 0.4526342798E+05  0.0000000000E+00  0.0000000000E+00  0.0000000000E+00
L4 0.0000000000E+00  0.0000000000E+00  0.0000000000E+00  0.0000000000E+00
L5 0.0000000000E+00  0.0000000000E+00  0.0000000000E+00  0.0000000000E+00
L6 0.0000000000E+00  -.1430130627E+05  0.2113629133E+04  -.1613118392E+05
L7 0.0000000000E+00  0.1051665473E+02  0.2893248642E+02  0.4063494719E+02
L8 0.1831991759E+02  -.3883916912E+03  0.6236203224E+01  0.0000000000E+00
L9 0.0000000000E+00  0.0000000000E+00  0.0000000000E+00  0.9844036392E+00  -.1453949714E+03
L0    80000  0.3000000000E+03  -.1160292032E+05  0.2761343018E+04
L1 0.3141692379E+03  0.3141692379E+03  -.1163285367E+11  0.1000000000E+01
L2 0.1000000000E+01  0.3540675505E+02  0.3678464837E+02  0.3487583189E+02
L3 0.4542315656E+05  0.0000000000E+00  0.0000000000E+00  0.0000000000E+00
L4 0.0000000000E+00  0.0000000000E+00  0.0000000000E+00  0.0000000000E+00
L5 0.0000000000E+00  0.0000000000E+00  0.0000000000E+00  0.0000000000E+00
L6 0.0000000000E+00  -.1436426334E+05  0.1966720097E+04  -.1604224361E+05
L7 0.0000000000E+00  0.9124541048E+01  0.2439848709E+02  0.3932094956E+02
L8 0.1437537063E+02  -.3815242734E+03  0.5565098589E+01  0.0000000000E+00
L9 0.0000000000E+00  0.0000000000E+00  0.0000000000E+00  0.9956589420E+00  -.1527834259E+03
